00011111111000001101111111111111111101111110000000010001111100000111111111111111111111111000011000000000000000000111111110000000111111111011111111111110000000000001110111111001111111110011111100000000
01100000000111111101111111100001111010000001111111101110110000011100000111100000000100111000001001111000000000000010000001111111000000000011110000001110000000000000101000001001111110001110001100000111
01110000000111111101010000011110001010011110000000010000110000011100000111100000001011110111110001100110100000011101110010011111000010011100110000001110000110000000101000001110111110001110111011110000
01110001111111100001001111111101100110100001111011010000101000011100001011100011111011001110110100011000011111100110110000001111000010011100010000011110011001110000111000001111010001000001111011000000
01110010111111100110110000000010011001010001111100101100111111100011000010011100000111001110101011100111011111100110110000000111011011011101101110100001100110101111000111110100101110111110000100100000
01110011001011101110110000111101010110010001111100111100111111101100100010000011111001001110010100011000100000000010110011000111010100100010011110100000000110101111111001110011010001000001111011001111
01110010110111010001010011000101010000010001110010110111000000011101100000000011000001111110010100011000100001110010010011000111010111010101100001011110000110010001001001101000101110100001110101001100
01110001101000101110101111111010001110010010001110111000100011011011100001111100011110011110010111100001011110000010001101000011001000101001100001101110000110001001000101010110110000100001001010101100
01001110001000110001010000011010010001101100100110111111011111000100011110000011100001100110010111100001011110000010001101001100101000101010011110010101011001111001011101010110110001010101001011010010
01000001111000001111010000000101101001101100101001000001011111000100010001111100101111110110001000011110100001111101110010101101011111010101101110010110100001111001010010101111001110111010111100101110
01000001111001110011010000000101110110100011010110001111011111000101101110001111010001110001110110011110101010000011110010101101011111010110010001101001011110011001010001001111001110110100111111010011
01000010000111110100101001111101110111010000101110001111011011011010011000001111010000001110001001100001010100011100100010010010100001011001101110011001011101011001010101101110011110110100000000100011
00111101111111101011010110011101110000100000101110001111011011000110010111110000101111110010001001100110100100010100100010011101100001000110010001100110100001011001101010010110011110101011111100100011
00110010000000010111010101100010001001011111011100101100100100100110010000010001101111110000001001011001000011100101011010000010111110100111101001000010100001011001111110011001100010110100001111000011
00110001000111110100001001011101110110100011000100101101001000011110011111101110010100010000001001000110000000011011100101111101001000100100001001000010100000100111011101100110011101001111110011000011
00110110111000010111110111011010001010110011111011010101001010000001100011101111100100010000001001000110000011111000011010111010110111010100010001000101011110111000101101100110010101000000000011010011
00110101000111101110000111011010001011001100000100101011001001110001100010101110011011110111110111000111111011111001000101000110111011000101110001100100100000110111001101101011100101000001111100101011
01111010111000010000010100011101101011010101111011001010110111010110011101010000011011110111110111111000000011111001000101001110111011011010001110011011011100101000001101101011100101000010000011010111
10000100111000101111101011100010010111010101111011010101001010101001100010101110011011110100000110001000000011111010111010100111011011010101101110100100110000100111001101101011100101000001111100101111
10000100111100011111101011111101101100101010111011011010110101010001100010101110011011110011111001111000001100000101000101100111100111010010100000100101010011000100110010010100000101000100100010101111
10001010011100111111101100001101101100111110100100011110110101010001100001010010011010001110011110000111001100000101001011100100100100101100011001101010101100111011001100001011110010001000100010101111
10110100011100100111111101110010010011001110100010000000110101010100000001000100011011110001111110111000001101000011001011101011100000100100011001101010100000011011010011101100011110001000101101101111
10110100000011011000000010011110001100100001011101111001001010100100000001000111101011110001111110110111110010111111001011101011100010100100011001101001011111101011010011101011100001110100100011101111
01000100000011011111111101100001110011011001011101111001000101011011111110111000010100001110000001110111110010111111001011101100011101011011111001101010100000010100101100010011100001110100101100010001
01000100011100111101100010011110111100100111010010000110111010111010001110111000010100000000111110001000110010111111001011101111100010100100001001101010100000001011010011100001011110001000101100010001
01000101100100111101100010011001111100000111010100111110111001111101001110110111101011110000111111110111110010100000101011011111100010100111110111100100100000010101100100011110100001110110101111010001
01000101111010110101011101110001001100001000101100111110111001100011001001001000010111110111000000001000101101011111010011100010011101011001110000011000101111001011100100000001100001101001010000101101
01000101001010101001010011101110110101110110101110000001000110010100111001110111010110010100100000001000101101011111010100011100011100000110010000000111010111001100010111111110011110010110101111010010
01111010100101011001011101101100001010000100101110001110110011100100111000010111010110010100100000001000101101011000101100011101100100100110010000001011110100101100011000000001100001000100101110100010
10000101010001010000101100010011101100000100101110001001000111100100010111111000010110010011010000001011000010011000101100011110010100011001101111001011110111010011110110000001100001011011001110000010
10110101110001010000110010110011100011111011010001000110111000000100101000111000010101101100101111110100011010011000100011100001101100000111101111001011110111010011110101111110011110100000110001111010
10110011110001010000110010111100011111000100101110111001000111111011010110000111101011101101010000001011111010011001011100011110010011111011101011001011110111010000001001000110011110100011110110000110
10110111101010101111110010000001100000111000101110111001000000011011011110011000010100010010101111110011111010011001100011100001111100010000010100110011001000010000001010111001100001011100001000000110
00111110010101010100010010001110011011110111010010111110110001100011011110011001011011101101010000110011111000011010011101100001111100011111101011110011000111101111001101100110010101011100001000001000
00110001010100101010010010001111100100001000101100111110110001100000100001100001000001101101010111000000001000011101100011011101111100100111101011110011000100010000110101100011010101011100001000001000
00110110101011010101110001110111100100001001010011001110110001100000100001100000111110101101010111000000001011100010011111100010000011010110010100000011000100010000111011110100111010011011111000001000
00101001010111101010110001110111100111110110101110110001111001100000100001100111001101010010101011001110000111100010011110100101111110101001101011111100111010001111011000001011000101100100111011110100
01010110101111100110110001110100000111110110110011001110011001100001011110011000101100101101010100110010001000010010011111100101111101010110010100000010110101110000100111000100111010011011000011110100
01101001001111000110110010001011111000000110100011010111100111100001011110011111010010110010011011001101101111110010011000011101110100101001100101111101010101110111011111010100111110100100111011110101
01100110111111000101001110001011111000111001011100100111100111100110100001100010101101010010100100111011101111001101100111100100010100101001100100001100101010110111011000101011000110100100111011001010
10011000111111000101000001001000000000111011011111011000010110010110100010000000101100110101011010111011101111001110001000011011101011010110011011110011001010110011011000010011000110101010111011001010
11100111001111011001000111001011110001000100011110100100011010001000011101111111101100110101011010111001101111001110010111100101101011001001100100001100111010110011001001110011000010100110001010101010
11100100110011011010111000001011110010100100100001011010011010001000011101111100010011001101011010110110010110110001010111100101100100001010011011110011000101001011001010001100111101011100001011010110
11100100110100101010111000010100010010100111011110100100011000010111111100000011101011010000110010110110010111001110101000010001011011110010011011001111000110110000111010001100111010011100001100110111
00100100111011100010101000101101001101000110100010111011101000010001111100000000010100111000001101110001101001000010101111101001100100001101100011001101000110111111000110001100111010000010111011110111
00100100000100000010101001011101101101011001011101000011101010010000000011000000011011000111001010001101110110000010001110010001100100100001100010101100111001011110111001110000100110000010110100001000
00100100000111101110011001011110001101011010100000111100010101101111111101011000011010001000110101110101111001100001110010010000000101011001100010100000100110011101001001110000100110010010111100001000
11011011110110101110011011000001100000100001011011000011011010100000000001011011111010001000101001110110110111100001010001110111111101000101100101010000100111100001001010001111010111101101000011110110
10100111110110101111011010111110100001011001011100111100100101011111000001011011011011110111010110110110111000010001010001111000010101000101101010100000101011100001001000001111010000000010111100001010
10100111101111010110100101000001011110011110100011111100100101101011111110100100011100001000110100110110100100010001010001111000001010111011101010100001011011100001001000010111010000111101001100001010
10011000011100010100110101001110100000011110100010000011011110011010000001100010000100111000001011001010100010110001101110000111101001000111110101011110111101111111010110101000010000110010110011101010
10001000111011010011001011001110111111111110100011110011011110011001100110011101001011000100001000001010100010101101010010001001110110100111001110100001000010111111011010101111110100110010101100001010
01101000111011001010110101001000100011111100100000010100101110011110011010000010001111000100010110001010100010101100110010100110001001001000101110100001000010001000011001010000001000110001101100001010
01101000100000110100110101001000100010000011011110101011000001100101110101101100001111000100010110001010111010101100110010100110001010001111010001011110111101111000011001010011010111001110001100001010
01111100100011010100110110110100111000000011100000100100111110011010001010010011111111001000010110001010111101010000110001011001010101110011010001011110111101110000011001101100101000101111101100001010
01111110110111101011001000110100110000111001011001011011000010011101001011110100000000110111110101110011011101011111010001010110101010011101010000100001011100110110011001000001010111010000010010001000
01100101001111101000111001001011010111001001011000100100111101100101001011111111000011000110010100010010001101001111010001010101010110100001010100100001100000001110011010001101010100110000010011110100
00011010110000011111111010110100011000110110111000011011000010010101001011100000111100100101101011101101110101011000010000111001001001011110101000101110010001110001101001110011010111110000010100001000
00011011010000011111111101001011100111001001111000011011000010010101010100011110111100110110001011101100001010101000000000111110110101010001011000010000100000001111101001111100101010001011101011110100
00000101010111100000000101001011100110110110000111110100111101101010101010011110101100101001110100010010001010100111011111001110110101100001011000011111011101110000010001111100110101001011101111001000
11111010101000100000000101001100011001010110000111110101000100010101010110111110011100101001110111101101001001010111011000101001001100011001011001100000100010101111101111111100110101001010010000110110
11111011010000100001100010110010100000101001111000010101111011110101110001001001100010101010001111001101010111010111011000100110110011100001000110100001010001010000101111111100110101001010001111001000
11111010101111011110011010110010100000010101000010010101100100001010001101001001100010101010010000110010101111011000100111010101001100011110111001011110101110101100101100100010110101000101110111001000
11110101011010100010000101111101011010010110111101101001100100111010001010100101111101010101101101000010110000100110111001000101000000000010111010100000110001101011101100100100110101110101101000110110
11110101011101010010110101110011011010011001011101101001100011000010001010010101111101010101100010111110110100100110000110111010110000000010111101010001001101101011101111010100110100010101000111010110
11110101011010110010111101001101011010000001000010010101011100111010010100100100000010101010010011000010101011011001111001000101001111100010100010100000111011101001101111010100101011101011000100101110
11111011000101000101001101001101011011110110111100011011000011000010010010100100000010101010010011111101101010111001111000111010110110011100100010100000111011110101100111010100101011101011001011010110
00000100111010000101010010001100010111110000000011100011000100111101110101111010000010110010010011110010010101000110001111000010001001100011011110100111011011110101100111010101010011100111010100101010
01110100111010010010110011110011001111001000000011011100111110110010000010000110100010110010110100001101100100111001110011011101110110011000100000111000100100000110011011101101001101101000110100111010
01101010111010001110110011110011001111001001110011010011000001001101111101110110000010101101110011110101100100111001001100100001110001100111010000110111100100000111100100010000100010100000110100111010
00010110111010001110110010010011010000110110001100110100111110110010000101001001111110100000001100101101001011001001001100111110001101100111001110111001011011000111101011100000011001101111001010111010
10010111000100001101001101101100101111001010001100110100111111011110000110110110000001011111001100101101011011001110110011000001110010011100110001000101011011000000011011101111100110010000001000111010
10101000111011101101101011101100101111001101110100110100000000100001100110101001000001011100110100010010100110101110110100000100010010000010111101110101011010000000000100010000010101011110010111000110
10110111011100011101101011101100101110101101110100110100000011011110011001010110111110100011001000010010100101010001001011110110010010001001000010110101011101000000001000010000101001100010100000111110
10110111011100011100001011101111010110100010000100101100000011010010011110110000111110100011001000011101100101010010110100100111111110001001000010000111100010111111110111110011101000000010100101001110
10001000100100000011110100010000110111011100111010101100000010101100011110111111000000101100001000011101100101010010110011011011111110001000111101111001100000111111110111001110001000100011011101001000
01101111011100000011111100010000110000100011000101101100000110101100100001000000111111010011110111100001100101001010110011011000000001110111000010000101100000111100001100110000001000100100100001001000
01101100011100000100110100011100111111100000111010010011111001010011011110000100111111010010001000011001100010010101001100100111111110001011000010111010011111000001110010001111110111011011011110111111
10010011100011111011001000011101000000011111110100010100000101010001011110000100111111101110010111100110100010011101001100101000000001101100100010111001100001000110010010110000001000011011011110111011
10011100011100100101010111100001000000000111110100010100000101010010100001111101100001110001101001101111011010011101111011010100000110010011111101000101101110111101010010110100000111100101010110111011
10001011101110101100001001100001000000000111101100010100000101010010100001111010011110001110010110010000100011100010000100100111111001101110000101000110001110110001010001001011111000100101010110111011
11101011101110101100010111100001011111111011110011101100000101110001011110000001100001110001101001101111011111101101111011011000001001101110000101000110001110001101011110110111110111011010010101000011
00011011011111010011011000011100100000011100001110010010000101110001011111111110011110001110010101101111011111101101000100101011110101101110111010111010110000000101010111010111110101011010010100111011
01100011010000101100100111100100100000011100001110010010000101110110100000000001111110001100011010110000100111101010111000101011111010010001001011001010111111111001010111010111110100101010011011001011
10011100101101010100100111100011100000100011110001101100000110001110010000100001110001101111111010110001011000010101000100100100001010010001110100110101000000000101010100010110001011011001100011001011
11100010010001010100100110010011111100100000001000010011001000001010011111011110001110101001111010001110100111101010111011000100001101110010110011001110111111100101010100010110110100110110010111001011
00100110110001001000000110010011111100100000001000001100111000001000111110101101101110101110000100000010100111101010111010100100000101110011110011001101000000011101011011100110110011011001011000110101
01000011001001001011111110010011111100100001110110000011001000001000100000101110000001010001111110000010011000010010111010000101111001110011101100110001000111100010100100010110110011111010100000001010
01000011001001000100000001101100000000100101110110111100110111101000110001001110000001010001111111111010011000010010111010001110000110001100101100110001011000011101010100010110110011111010111100001010
00101100111001000101110000010001110111100100001000111100110000010000110001010001000101010001110000000010000111101101001001110010000001110011101111110110111011100010101010010110110100000010111100001010
11101100100110100010010000011110000111100100110110111100110010100000110001010001000101101111101111111101000001100011001001001100000010000000001111100110111100010010101010101110101011111110111100001010
11101100100110100010010000000110111000011010110100111100110010100100110001100110111010101000010000000010100001100011001110000001000010000000001000100111000010010010110100010001010100011101001111110110
11100011000111100010001111110001101000100101001011011100111100111100110110011000111010101000010111111100100001100010001101111101010010000110001011011000111101010100110101101010100100100010001111111000
00011100000110011101110111110001101000100101001011011100111101000011001001100100111100101000010111110001000101100011110010000110001101111001110100100111011100110100110101101101011011011101110111111000
00011100000101100010010111111110001000100101001011100101000010111100001001101011000000101000010111110111101010010011110001111111110010011001110111011011000011110101001010010011011010011101010000001000
10100000000101100010001011111110110111111010110101100101010010111101110101110100111100010000010111100110010110010000001110000000010010011001110010100100111100010101001010010010111010100001010010001000
01111111110111100010001010000010101000000111001010011010101101001101010101001010111100110111110000010001101001101111110001101111101101100110001101010000100011101011001010010110111010100101010010001000
01000000001011110010001101111100101111000000110101111010010010110010101011110101000000101001110000101101101111101111001110010000010101111011110011010000100011110100110100010100100010100101101101111000
01111110010100001101010010011100101000110000001101001011101100111110101100000101111111010110010000101100010000010000110001101110100101100000010011010000111100001111011011101101011110100010010010000110
01111101101000000110101101111011101011010000001101111000010011010011010111100110000000010101101111010100011100010000111100001110100101111111101100010001000011110000101011101010100001011110010010000010
01111101101010001001010010011011101011010111001101001011101111101100101110011010000000010101110000101000010111101111111010001110100100010001101100101110110011110010110000010100100001011110010010000010
01111101101101101101101100011011101000101111000010110100010000001100101101010101111111101010001100101000011001101111111011110001011011101101010011010001001111110010110000101011111111011110010001111101
01000110011110010110011100010101101000110001000010110100101000000100101110010100100000010101101100110111100110001001000101101110100100010010101100110000110100000011110111011011110011011110010001111101
01110001100000010110011100000111101000110000010011001101010111101100101110010011011111010101101100101000011001110010111101101000111000011101001100101111000101111100110111010100001100100001101110001101
01110011111111110000011101111000010111001111010010110010101000010011010001101100110011100011101111010111100110011011111101101001000111100101110001011110111010000010111000100100001100101101110010010001
01110011000000001111011100001000100111001111010011001101010001100011010001010010001100011100010011001111100110011011111101010110111011100101010001100010111010100101000110100101110011010110010010010001
01101100111111110100100010111011011010111000010011001101010010010011011110010010110010100011101000110000000110011011111101010110110110011101010111100010100010101010111001011010001100110110010001110001
01101011001000001000111101111100011001000111010000110010010010000010100001101101001110101100010000101001111001101011111101010110111001111101010111111100110001010110110110100101110100110110010001110110
01101011010111101111011100011100100110100111010011010010010001111101011110010010110110110011101111010110000110010100000010101100111000000010101000011100110001101001001001010101110100101001101110001001
01011011010000010000100011100011011001101110100011101010010110010010110001101101001000110000010000101000111001010011000010101100111000000000100111010000110001101010110110110101110100101001101110001001
01011010101111101110100011100010100001100011010010011010010110010001001110010010001000110100010111010111000110101101100010100100111000011111011000101111001110010101001001001001001010101010001110110110
01011010101110101110111100011101011111100011101101100101101110001110110010010010001000101001101000110110001001001101100010011010111000011111011100101110111110001011010110111001001001101011001111001110
01000100101100011110000011100010101111100011101101101001100110001110110010001101101000101001100111001001110000110101011010011010110111100000101111010110111110010100110110001001010111010100001110110110
00111011010011101110100011100011010001101100010010010001111001110010110010001010000000100101100111001001101111001101100101100101010111100000101111010110111101010011001001110110101000101011110001000110
11001011010011101100101101100011111110011101101101101110001010001101001110001010111111011010011000111001110100001101111000000101010110101111011111010110111101001100000110001001010011010100001110110110
11001001010010011011010010011101110001011100101101101010001010001101000001001010111111100101100111000110000110001101111111111011010110100011010000110110100000100011111010010110101100100101111110110010
11001001011101100101101100011010001101010011010010010101111001001101011110110101000010000110011111000110000110011101111111111011010110111110101111001000100000100011111110010110101010100101111110001010
11001000101101011010010011100110001100101101010010010101111001000101011110111010110010000001100000111001111001100010011111111011000110111110110011001011011110100000111110010110101010100101111110001001
11000111110010100101101100011001110100010101010010010101101001000100101010111010110110000010011000111111110110011101101111111011000110000001001011001011011110100000111110111010010011011010000001101110
11100111110101100110010011101001101000011010101010010101110110001011110101000101000110111010000111000001111111100011101100000100111000111110110100110100101010111110000110000110011111010101000000101110
11100110001010010110001011010110000111100100101010010010001001110100000101000101000001110011111001000001100111100010010011111010100111000001001011000100101001000101111001110000011111010100111111001110
11100101110101101001000100110111110111100100110101011101001010110100011011000100100000001100000110000001100110011101100111111001010111000000110110100100110110111100001001111100010001010100111000110110
11100100001000101110000100010110000111100100110010100100110010110010000101001001111110001100111001101110000111100010000111000110101000111111100110100100101001001100111110000011101110101011000111001000
10010101101000101110001011101001110111100101001110100011110010110010000101110110001110001100111001101110001000001101111000111010101011000011100110011011010101001100111110000011100001011011000111001000
10001010010011001101110100010110001000011010110001010011001101001110000101110101001010000010111000010010001111100010000111011001100100111011011010011011010111001100111110001011100010101011000000110111
01110101100011000001001011101001110111100101001111010011001101001110011010000101001101110101010110010110110000000010000111011001101011000011001001100100101000110101011101111100010001010101000011001011
01110010000011000001001011101010000000110101001101010000110010100001100011111011001110111010110110010110110000000011111111011010011011000011001000011011101000110101011101110000010001001010111101001011
01110101111000011001001010011101000000110010110010010000110010100001100011111011001101110100101001101001110000000010000000100101100100110011010000011011101000001000100101001111001110110101000010111011
01001011110111011001010101100010000111010001001101101011001010011010100011000100111100001011010110010110010111111101110000111001111100110011010001101010010111110010100110101111001101000110000010011011
01001010000100100110101101101101111111101110110010101011001010011001011100111011111100001011010100010010010001111101110000111010100100110111010010010100010110001101101001011110110010101110000011011011
01110110011100011001010010010000001111101110110010101010110010010111011100100100000000110100101011101101101100000010001111000101000110110111010010101000010110001100010110100001001101011110010100100111
10001001100001100110101101101100110000010001001110100101001101101000100011011011111111110011010100011101101100000010001111000101000101001000101110110111101100000010010110000000110010110001101100100111
10111001011101000101001110100010100000010001001000100101001101101000011100100000000000001101100011011101101100001010001110100011011110110001010001001000010011111101101001111100001101010111101100100111
10100111011110001101110001011100111111101110110111110101001111101111010011011111001111101010000011011110010100001010001110010010110001001110110010110111101100011100001001111100001100101001101100101111
10100111011111111100000000011100110000011101010000110101001111101000110010100000111111101001000011011110101011110101110001010101001110110110110010101011101101111100011110011100001100100110001100101111
10101000111110001010000111100011001111100011010110111010001111101000001101010000111111101001000011000010100100000101101111001010101110101001000011010111101101111100001111100000001011011001110011010000
10101000111110000010001000011101001111100011010001001010001110010110110010101100111110010110110101011101011010111010010000111010101101001001000011111000110011111100000000011000001011010110000011001000
10101111000001111101001000011101001111100010101001001010000001101010110010101100000001101001001010100011011011001010010111000100101010011001000111111000110011110100000000000100011010100111110011001000
10010000111111111101110000011101001000011101011001001010111110010101001101010011111010001110111010100010100011010110001111011011010101111001000111110110001100010101000000000101111001011000001111001000
10101111001000000000000010010010101000100001011001001101111111110100101101010011110101110110000010100001000011010111111111011011010101100001001000000111110100010111000011111011111000100111110000111000
10101000001000111100000011100010011000100110101001001110011110000100110010101100001010001111001001011110111101011011111000011010101010011110111000001111110100101000111100000011111011011000001111011000
10101111101001001100011100011101100111011001011110110001100001110100110101011010001010000001000110111101000010011011111000010101000101100010111011001111010011010110101100000010000100100110010000100110
10110111111110001100000100000010001001011001000001011110011110010101010101011001110101110011000111111101001101100100000111101010100110011101000101001000101100101001001100000010000100100110101111000111
10110111100001111100000100011101110111011100000000100001011001101101001101100110001010000011000111111100110010011100011000010101011001100010111011001000110010101001000011110010000100010110101111011000
10110110011110000010011010010010111000100011111111011111011001101110110010100110001010000011000111111101001101100000011000010110100110011110111011010111001110101110100011110001111001101001010001011000
01000001100000001100011101110010111111011100000011011111011001101110110010111001101010001100111000011100001010011111110111101001000101111110000011100111000001001110101100101110011001010110101101011000
10001000010000001011111101001111000000111100000011011111010110010000111101000110101011101101011000100010000101111111110111111001000111111010011100000111010001100010010011010110000110100110101101010111
10000111101010110100000001001100110000111100000011011111010110010111011101000101000011100011011000100010000010000000110000000000111000000101111100000110110001011101101100101001111111011001010001010111
10000111100101011011111110110011001111001111110011101000101010101111100101000010101011100011011011001110111110100011010000000000100100001101110011011001010000100001100011010101111111011010101110001010
10000111111011000100000001010011010111001111110011010111010101010111100101000010110100000000100111110001000001011011101000000000100101110010001100100111010000100000100111001010000111001101010000001110
10000100000100111011000000111101010111001110001011010111010111010111011010111101001011100111000000110001001100100111110111111111100101110001011101011101010000101111011001100101101000110010101110010110
01100101110100111011111101000010101000110000000100001000010111010000011010100010110011011000100000110001001100100111101000000000100101110000100010101110101111010000100001100110001000111101011110010110
01010101000111000100000010111101010111000001111011001000101111010100000101010010110000111011100100110001001100100111101000001001011011110000011101010001101111001111010001100110001000111101011110101110
01100100111000000111111101011100101111000010000100110010101111000111111010101110001111000111100101001000100100101111100100001110100100001110011101001101110001111100101110011110100111010011011110101110
01100010100111111000000010100011010001010010000100111111010011001000010111010001110011111000011101001000100100110001011011111001011011111100011100000010001111110111011101100001011001011011100111010000
01100010100111110111111101011100100000010010000100000000110010110111101000101010110000000111101101001000100011110001010011000110100100000011100011111101101000101000100110000110111001011011100111010000
01100010100111110100111101000010100100011101000100111111101001010111101000001010001111111000001100100111010000001110001111111000101011000000011010010001101000100111001001100110000100100100111000101110
01101101010100010011111101000010100100011101000001101110001001010111101000010101110110001111101100100110101000110000000001111001001100111111101110001110110111000111001000000111000100111011110111010110
01101101011010011100000011000010111011011101111101110001110110101001010111010101111010000000010010011001010000111111111110000110110000111001010110001110110100111111001000001000100100111100001000010110
01101010011010011111111100111101000100101101111101111101001001010001010110110101111010000000101100000110101000111111100110000100110000110110111110001110110100111111110110010111000100111101110110010110
10010001100100100001111100111110011011010010000010000010110110101001010110110101111010011111011101111000010000111110011001000111010000101001011110010001001011000000110110010111011100100011110111101110
10001110000100100001110011000001100101010010000101110010110111011010101001000110011010011111010010000110010000111001100001000100101000101110100110010000110100110000110001011000100011011111110001101110
10001110000011000110001100100001110101010010000101101101001000111001010111000110011011100001010010111001101100100001100001000111010111010001011001101111001010101111001001011000100000100111110010101110
11110001111100100101110010100001110000101101111010010010110110110101010100111110011010000110100010111001100000011110111011000111001000101110101001110001110101010111000110100110101111011000001011010001
11110001111011011101110010011111110011010010001010001110110101010001110100111111100101111010101110110101011111100110111100110111001010101110010111000010001011010111000110101000010000100110001011001110
11110001111011100010110010011111110011010010001001110001010101010001110100111110100110001010010000110101000000011001000000110000110101000001100110111010110011010111111001001000110011111110001011001110
11111110000111010010111100011111001101001101110001110010101100010001001010111110011111110010001111011010111011011010111000110000101010000001100001001010110111101001101001001010110100000001110100110000
11111111111010100000111000011111001101001101111110001101011100010001101101000010101111110011110110100101000100110101000111001111001010000001100000001010001000010110010001001001110010000001110101110000
11111100011010011101110110011111001110110100000001110010100011111110001101001010010000000011110110100101000111001010000000110000101010000001100000001010001001011001010010010110001101111001110101110000
11111100100101111101110111011111001110000100000001110010100011111111111111110101011111111011110110100100111001001010000000111111010101111110011111111010001001011101010001100110000010011001110101110000
11110011011010011101110110100111101110000011000001010010101100000000001000001010111000000100001010100100011010110110000000100111010101110110001110000101010101010011001001100110011101011001110101110000
00001100100101100101111001011111101001000010110001011101010011111111100100000100111000000100000001011110010101001010011111000101101010001011110001010101101011010010110001100010011001100111110010001100
00001101011010011010011001011110010001000010110001011110110100000000011011111011000111111100001110101110010110101001100000111010010100110111110001001011101011010010110110011110011000011001110011110000
00001101011010010101111001100010001101001100111110001110110100111100011000011010000111111100001110100001101001101001100001000101100100001000001101001011101011010010111001100001111000010110001111001100
00000010101010010010011001011010011101001100111110001110110111011011011000011010111110011100000010100001101001101110011110111000001011101000001101001100101011011101111001100000011111101000010000110011
00000010101010010010011001001011100010110011001110001110110111011000100111100101000001100010011101011111010110101001100001000000001010001110001101001100101011011101111001100011100000100100010111001100
11001100100101100010011001001000000101001100101111101101001000111000100100011010111000111101100010100000010101010101100000001111110101010001111101001000100100100010100110100010011111011000011000111100
11001100011011000010011001000111110101001100101111111010110111000110100101100101000100111101100010100011101010101010011111110000001010101110011101001000011011100101011101101110011111000111111111011100
11001100011111000001011001000111110101001100011111111001000111111010100101100101001111000010011010111100010101010011101100000011101010101110000010110111100111100010010010011101100001001110000001011100
11001100011101000001011001001000001010110001101111111110111111011010100010010101011111111101100100110011111010101100011100111111110101010110000010110111001000101101100010011001011110110001100001011100
11101011111100111010111001010000110101001111010000111001000001010110100010101010101100011100011100110011111010100011111100111100001010110111000010110111001011010010100110011001100001001101011110101100
11010010001011000001010110101111001010001111010000111001000001110101010100101010101100010011100011001111111110101100000011000000001001001000111110111000110100101101000110011010011110000011011110101100
11010101110101001110101001001111001010110000101111000110011110001010111011100101011100001010011100110000011101101100000111000010110110001100001110111000111011011101000101100101100111111100100001001100
11000101111001001101101000101000110010001111010001011110011001001011000000011000100010001010011011010000100010101100000111000110110001111100010001001000110100011101000010011010011000000010100111001100
10000101100110110011100100010111001101110000010110000001100110110010111111100111011101011010011010101111011101010010000111000101011110001011101110001100110100101010100011101010011000001101011011001100
10111101100000110000000100010111001100001111101001111110100110110000110000011000100010100110011010000000100011010011111111001111011110001011110001110011001000101010101100010101100100001110100011001100
10111101100000001000111011101001010000001111101001111110100110110000111000011000100101010101101011111100100011010000000000110000100001110111110010101100110111010100101111110010100111001001111100101100
10100101100000011100000011101001010000110111100101111101011010101110100110100110111101010101100100000100100011010111011111010010100001111000000101010011101000101000101111101101011000010110011101011111
10101010011000000011111111010110101100111000001010001101100101010110111001000110101101010101110011110101011100110100100000100011011110000000000011010010010111101001101111101101011000010001111100100111
01011010111000000011100000011001010010111000001010110001100001011001000110111001011101010101001100001001011100110101000011000001011110011100000011101110010111101001110110010010100111101110000011011111
01011101000111100000000000011001001100111000110101110001011110100110111001001001100101010000110011110100111110110010000000101110100110001011110011101110010111001001111010010011011000010110111100100111
01000010111000011111111111100110110011000110001010010000100000100001000110110110011010101100111100110111000001000010000000101110100101111011111100001110010111110111100101110010111001101001111100100111
01000010111001100111111111111010111100100110110010010010100000101110111001110110100101101101000011001000000111101111110000010000100110000101100011110001010111110110011010000011011010010111111011001011
01000010000110010001000000011010001100011001001101101101011111100001000110001001000100010100101100110111111000100000010000010000100010110001100011001110101001110111111010001101011101001111110101001111
01111010000110001110000001111010001001011000001001101110100000011110110111001001000011101000101101001111111111010000001111101111011110101000011111001110100000010111111011100010011110001110001001111111
00111010000000001110001110000110110000100100001000010110100011100000110111001001000000010000100011001111111111011111110000101111011110101000100111001110011111110111111011101101100010000001111000111111
00101101111111110001110000000110110000011100010000000011001111110000110111001000111000010000100000110000110000100011111111110000011110111000100111001110010000101110001011100011111100011110000000111111
11001100000001110001110000000110110000011100010000000011000011111011001000110000000111101111000000000000111100100011000000001111100000000000100111111111101111001110001010010100000011100000001110111111
11111111000001111110010000000001001000100011101111111101001111100111001000001111111000010000100000000000111111100011011111110000011111111111101001111110010001001111110110011111111100000000001110111111
00000000111110000000001111111110100000111100011111111001110000000000000000001111111111111111100000000000000001100000110000000000000000000000000001111110010000000011111110011100000011111111110001000001
